crossing time (s)	slope (V/s)	crossing number
281474976710655.000000	134.655487	2888	0.000000
281474976710655.000000	132.564545	2889	0.000000
281474976710655.000000	130.878159	2890	0.000000
281474976710655.000000	130.601334	2891	0.000000
281474976710655.000000	Inf	2892	0.000000
281474976710655.000000	130.998901	2893	0.000000
281474976710655.000000	Inf	2894	0.000000
281474976710655.000000	64.815041	2895	0.000000
281474976710655.000000	118.359016	2896	0.000000
281474976710655.000000	127.576324	2897	0.000000
281474976710655.000000	116.327057	2898	0.000000
281474976710655.000000	122.957596	2899	0.000000
281474976710655.000000	60.397812	2900	0.000000
281474976710655.000000	117.477615	2901	0.000000
281474976710655.000000	122.791718	2902	0.000000
281474976710655.000000	115.978218	2903	0.000000
281474976710655.000000	113.338539	2904	0.000000
281474976710655.000000	121.058983	2905	0.000000
281474976710655.000000	53.858139	2906	0.000000
281474976710655.000000	111.407570	2907	0.000000
281474976710655.000000	50.072224	2908	0.000000
281474976710655.000000	110.899544	2909	0.000000
281474976710655.000000	Inf	2910	0.000000
281474976710655.000000	217.362610	2911	0.000000
281474976710655.000000	108.118172	2912	0.000000
281474976710655.000000	104.154434	2913	0.000000
281474976710655.000000	108.440971	2914	0.000000
281474976710655.000000	Inf	2915	0.000000
281474976710655.000000	89.363441	2916	0.000000
281474976710655.000000	52.493660	2917	0.000000
281474976710655.000000	97.198540	2918	0.000000
281474976710655.000000	94.481560	2919	0.000000
281474976710655.000000	45.359196	2920	0.000000
281474976710655.000000	97.028557	2921	0.000000
281474976710655.000000	95.286247	2922	0.000000
281474976710655.000000	101.664307	2923	0.000000
281474976710655.000000	86.892715	2924	0.000000
281474976710655.000000	93.588028	2925	0.000000
281474976710655.000000	171.715622	2926	0.000000
281474976710655.000000	46.498028	2927	0.000000
281474976710655.000000	87.469757	2928	0.000000
281474976710655.000000	164.700912	2929	0.000000
281474976710655.000000	Inf	2930	0.000000
281474976710655.000000	87.394310	2931	0.000000
281474976710655.000000	81.310341	2932	0.000000
281474976710655.000000	87.190361	2933	0.000000
281474976710655.000000	81.802544	2934	0.000000
281474976710655.000000	126.817680	2935	0.000000
281474976710655.000000	158.781525	2936	0.000000
281474976710655.000000	81.354462	2937	0.000000
281474976710655.000000	78.364388	2938	0.000000
281474976710655.000000	80.959290	2939	0.000000
281474976710655.000000	78.754669	2940	0.000000
281474976710655.000000	159.706360	2941	0.000000
281474976710655.000000	77.091072	2942	0.000000
281474976710655.000000	77.066467	2943	0.000000
281474976710655.000000	76.318314	2944	0.000000
281474976710655.000000	75.449303	2945	0.000000
281474976710655.000000	69.751694	2946	0.000000
281474976710655.000000	111.934708	2947	0.000000
281474976710655.000000	70.862419	2948	0.000000
281474976710655.000000	73.332596	2949	0.000000
281474976710655.000000	44.385185	2950	0.000000
281474976710655.000000	108.253792	2951	0.000000
281474976710655.000000	65.248055	2952	0.000000
281474976710655.000000	74.260063	2953	0.000000
281474976710655.000000	50.551388	2954	0.000000
281474976710655.000000	65.399818	2955	0.000000
281474976710655.000000	64.618889	2956	0.000000
281474976710655.000000	65.548134	2957	0.000000
