crossing time (s)	slope (V/s)	crossing number
281474976710655.000000	141.447037	539	0.000000
281474976710655.000000	69.160820	540	0.000000
281474976710655.000000	111.757042	541	0.000000
281474976710655.000000	50.200855	542	0.000000
281474976710655.000000	103.754990	543	0.000000
281474976710655.000000	143.498474	544	0.000000
281474976710655.000000	109.095688	545	0.000000
281474976710655.000000	45.031624	546	0.000000
281474976710655.000000	53.022530	547	0.000000
281474976710655.000000	39.684921	548	0.000000
281474976710655.000000	32.747971	549	0.000000
281474976710655.000000	32.564877	550	0.000000
281474976710655.000000	36.518311	551	0.000000
281474976710655.000000	28.889212	552	0.000000
281474976710655.000000	27.495514	553	0.000000
281474976710655.000000	19.868208	554	0.000000
281474976710655.000000	18.263912	555	0.000000
281474976710655.000000	17.282310	556	0.000000
281474976710655.000000	13.834923	557	0.000000
281474976710655.000000	12.079387	558	0.000000
281474976710655.000000	10.544971	559	0.000000
281474976710655.000000	9.462074	560	0.000000
281474976710655.000000	8.296674	561	0.000000
281474976710655.000000	6.853948	562	0.000000
281474976710655.000000	6.192818	563	0.000000
281474976710655.000000	5.033709	564	0.000000
281474976710655.000000	4.451046	565	0.000000
281474976710655.000000	3.685031	566	0.000000
281474976710655.000000	3.291635	567	0.000000
281474976710655.000000	2.680644	568	0.000000
281474976710655.000000	2.356543	569	0.000000
281474976710655.000000	1.760660	570	0.000000
281474976710655.000000	1.364130	571	0.000000
281474976710655.000000	1.005284	572	0.000000
