crossing time (s)	slope (V/s)	crossing number
281474976710655.000000	Inf	2183	0.000000
281474976710655.000000	Inf	2184	0.000000
281474976710655.000000	125.295921	2185	0.000000
281474976710655.000000	112.979584	2186	0.000000
281474976710655.000000	122.672791	2187	0.000000
281474976710655.000000	Inf	2188	0.000000
281474976710655.000000	119.324089	2189	0.000000
281474976710655.000000	118.218719	2190	0.000000
281474976710655.000000	125.645340	2191	0.000000
281474976710655.000000	Inf	2192	0.000000
281474976710655.000000	113.784325	2193	0.000000
281474976710655.000000	115.249260	2194	0.000000
281474976710655.000000	109.032562	2195	0.000000
281474976710655.000000	205.385513	2196	0.000000
281474976710655.000000	108.658722	2197	0.000000
281474976710655.000000	51.551231	2198	0.000000
281474976710655.000000	50.121788	2199	0.000000
281474976710655.000000	107.884048	2200	0.000000
281474976710655.000000	101.962608	2201	0.000000
281474976710655.000000	92.920837	2202	0.000000
281474976710655.000000	94.667549	2203	0.000000
281474976710655.000000	47.660835	2204	0.000000
281474976710655.000000	59.974503	2205	0.000000
281474976710655.000000	90.724571	2206	0.000000
281474976710655.000000	92.702606	2207	0.000000
281474976710655.000000	174.230545	2208	0.000000
281474976710655.000000	84.341263	2209	0.000000
281474976710655.000000	83.770470	2210	0.000000
281474976710655.000000	85.616173	2211	0.000000
281474976710655.000000	77.823235	2212	0.000000
281474976710655.000000	79.473793	2213	0.000000
281474976710655.000000	83.605858	2214	0.000000
281474976710655.000000	54.224598	2215	0.000000
281474976710655.000000	75.770485	2216	0.000000
281474976710655.000000	75.168999	2217	0.000000
281474976710655.000000	78.616333	2218	0.000000
281474976710655.000000	64.436249	2219	0.000000
281474976710655.000000	67.765793	2220	0.000000
281474976710655.000000	34.369236	2221	0.000000
281474976710655.000000	103.059540	2222	0.000000
281474976710655.000000	68.765968	2223	0.000000
281474976710655.000000	63.133862	2224	0.000000
281474976710655.000000	52.147121	2225	0.000000
281474976710655.000000	60.149269	2226	0.000000
281474976710655.000000	62.093456	2227	0.000000
281474976710655.000000	62.591660	2228	0.000000
281474976710655.000000	80.523537	2229	0.000000
281474976710655.000000	59.870094	2230	0.000000
281474976710655.000000	93.992912	2231	0.000000
281474976710655.000000	57.638851	2232	0.000000
281474976710655.000000	46.747437	2233	0.000000
281474976710655.000000	54.148708	2234	0.000000
281474976710655.000000	59.111435	2235	0.000000
281474976710655.000000	70.143730	2236	0.000000
281474976710655.000000	37.872540	2237	0.000000
281474976710655.000000	39.009499	2238	0.000000
281474976710655.000000	41.508434	2239	0.000000
281474976710655.000000	48.711246	2240	0.000000
281474976710655.000000	52.956696	2241	0.000000
