crossing time (s)	slope (V/s)	crossing number
281474976710655.000000	184.649353	1405	0.000000
281474976710655.000000	Inf	1406	0.000000
281474976710655.000000	Inf	1407	0.000000
281474976710655.000000	Inf	1408	0.000000
281474976710655.000000	165.633698	1409	0.000000
281474976710655.000000	Inf	1410	0.000000
281474976710655.000000	153.392365	1411	0.000000
281474976710655.000000	146.428970	1412	0.000000
281474976710655.000000	148.362274	1413	0.000000
281474976710655.000000	137.127228	1414	0.000000
281474976710655.000000	Inf	1415	0.000000
281474976710655.000000	130.431732	1416	0.000000
281474976710655.000000	128.513885	1417	0.000000
281474976710655.000000	Inf	1418	0.000000
281474976710655.000000	127.887009	1419	0.000000
281474976710655.000000	108.991447	1420	0.000000
281474976710655.000000	Inf	1421	0.000000
281474976710655.000000	111.071457	1422	0.000000
281474976710655.000000	105.519814	1423	0.000000
281474976710655.000000	69.223915	1424	0.000000
281474976710655.000000	98.080467	1425	0.000000
281474976710655.000000	96.130806	1426	0.000000
281474976710655.000000	98.959686	1427	0.000000
281474976710655.000000	92.924973	1428	0.000000
281474976710655.000000	89.101074	1429	0.000000
281474976710655.000000	56.635353	1430	0.000000
281474976710655.000000	44.130856	1431	0.000000
281474976710655.000000	161.235916	1432	0.000000
281474976710655.000000	78.820847	1433	0.000000
281474976710655.000000	35.901184	1434	0.000000
281474976710655.000000	35.728401	1435	0.000000
281474976710655.000000	65.389984	1436	0.000000
281474976710655.000000	34.590393	1437	0.000000
281474976710655.000000	62.895844	1438	0.000000
281474976710655.000000	63.513504	1439	0.000000
281474976710655.000000	38.619335	1440	0.000000
281474976710655.000000	74.406494	1441	0.000000
281474976710655.000000	82.602623	1442	0.000000
281474976710655.000000	50.204205	1443	0.000000
281474976710655.000000	48.880295	1444	0.000000
281474976710655.000000	37.146008	1445	0.000000
281474976710655.000000	42.200520	1446	0.000000
281474976710655.000000	49.788040	1447	0.000000
281474976710655.000000	43.983028	1448	0.000000
281474976710655.000000	44.424656	1449	0.000000
281474976710655.000000	34.681156	1450	0.000000
281474976710655.000000	37.363529	1451	0.000000
281474976710655.000000	38.135586	1452	0.000000
281474976710655.000000	36.172581	1453	0.000000
281474976710655.000000	40.781204	1454	0.000000
281474976710655.000000	31.370564	1455	0.000000
281474976710655.000000	27.500679	1456	0.000000
281474976710655.000000	25.594753	1457	0.000000
281474976710655.000000	28.159147	1458	0.000000
281474976710655.000000	25.200771	1459	0.000000
281474976710655.000000	26.838127	1460	0.000000
281474976710655.000000	24.765795	1461	0.000000
281474976710655.000000	23.650167	1462	0.000000
281474976710655.000000	22.814682	1463	0.000000
281474976710655.000000	22.554346	1464	0.000000
